nParticles = 1000000
Feature Fast[3](20.0000,50.5000,69.0000)[3,3]((0.0000,0.0000,0.0000),(0.0000,5.0000,0.0000),(0.0000,0.0000,3.0000))
Feature Kalm[3](20.0000,50.5000,69.0000)[3,3]((0.0000,0.0000,0.0000),(0.0000,5.0000,0.0000),(0.0000,0.0000,3.0000))
Predict Fast[3](20.0347,50.5000,69.0000)[3,3]((998.5719,0.0000,0.0000),(0.0000,5.0000,0.0000),(0.0000,0.0000,3.0000))
Predict Kalm[3](20.0000,50.5000,69.0000)[3,3]((1000.0000,0.0000,0.0000),(0.0000,5.0000,0.0000),(0.0000,0.0000,3.0000))
ObserveA Fast[3](19.9949,50.4974,69.0000)[3,3]((9.9024,4.9512,0.0000),(4.9512,4.9756,0.0000),(0.0000,0.0000,3.0000))
ObserveA Kalm[3](20.0000,50.5000,69.0000)[3,3]((9.9010,4.9505,0.0000),(4.9505,4.9752,0.0000),(0.0000,0.0000,3.0000))
ObserveB Fast[3](18.7525,49.8762,69.3762)[3,3]((3.7433,1.8717,1.8717),(1.8717,3.4358,0.9358),(1.8717,0.9358,2.4358))
ObserveB Kalm[3](18.7547,49.8773,69.3773)[3,3]((3.7360,1.8680,1.8680),(1.8680,3.4340,0.9340),(1.8680,0.9340,2.4340))
ObserveC Fast[3](18.8887,49.7592,69.4444)[3,3]((3.3358,2.2239,1.6679),(2.2239,3.1492,1.1119),(1.6679,1.1119,2.3339))
ObserveC Kalm[3](18.8926,49.7617,69.4463)[3,3]((3.3223,2.2148,1.6611),(2.2148,3.1432,1.1074),(1.6611,1.1074,2.3306))
Forget Fast[3](18.8887,0.0000,69.4444)[3,3]((3.3358,0.0000,1.6679),(0.0000,0.0000,0.0000),(1.6679,0.0000,2.3339))
Forget Kalm[3](18.8926,0.0000,69.4463)[3,3]((3.3223,0.0000,1.6611),(0.0000,0.0000,0.0000),(1.6611,0.0000,2.3306))
